,Player,Agents,Rnd,R,ACS,K:D,KAST,ADR,KPR,APR,FKPR,FDPR,HS%,CL%,CL,KMax,K,D,A,FK,FD
0,Shao NAVI,(+2),318,1.29,217.7,1.47,83%,139.3,0.78,0.34,0.07,0.05,36%,25%,16/64,23,249,169,107,23,15
1,MaKo DRX,(+1),452,1.28,231.7,1.33,80%,148.8,0.77,0.54,0.09,0.06,25%,17%,10/59,24,350,263,244,42,29
2,Leo FNC,(+1),485,1.28,223.3,1.42,81%,144.5,0.79,0.36,0.04,0.02,20%,24%,16/67,25,383,269,176,21,12
3,Sayf TL,(+2),250,1.26,250.3,1.36,74%,156.0,0.89,0.2,0.18,0.12,27%,16%,5/31,28,223,164,49,45,29
4,aspas LOUD,,566,1.22,246.3,1.38,74%,155.4,0.89,0.16,0.18,0.1,25%,16%,12/75,30,504,366,93,101,59
5,qw1 FUT,,228,1.2,260.3,1.34,74%,164.2,0.93,0.18,0.21,0.14,23%,16%,5/32,31,212,158,40,49,32
6,Derke FNC,,485,1.19,272.5,1.31,74%,176.3,0.94,0.19,0.25,0.18,26%,8%,2/26,32,457,348,90,122,86
7,kiNgg LEV,,331,1.19,215.1,1.27,79%,143.7,0.76,0.44,0.09,0.09,28%,33%,12/36,27,251,198,147,30,30
8,Zyppan NAVI,,318,1.18,207.1,1.17,78%,134.2,0.75,0.45,0.1,0.08,36%,26%,5/19,25,239,205,142,31,24
9,Cloud GIA,,261,1.16,235.4,1.19,78%,152.8,0.82,0.25,0.11,0.09,31%,10%,3/29,30,214,180,66,29,23
10,Chronicle FNC,(+2),485,1.16,208.6,1.19,78%,134.8,0.75,0.45,0.08,0.07,25%,22%,7/32,28,362,303,220,39,35
11,leaf C9,(+3),242,1.16,243.0,1.2,74%,163.2,0.84,0.31,0.14,0.1,22%,25%,5/20,26,204,170,75,35,24
12,cNed NAVI,(+1),318,1.13,237.1,1.18,72%,153.1,0.81,0.2,0.16,0.15,25%,11%,3/27,28,259,219,64,51,47
13,Shyy LEV,,331,1.13,213.0,1.18,74%,142.4,0.76,0.21,0.11,0.04,20%,7%,2/28,30,251,213,70,35,14
14,Monyet GES,,285,1.12,226.6,1.18,75%,146.6,0.82,0.4,0.13,0.09,26%,21%,6/28,39,235,200,114,36,26
15,invy TS,(+1),209,1.11,199.7,1.03,73%,130.1,0.7,0.5,0.08,0.07,30%,17%,5/29,26,147,143,104,16,15
16,s0m Team,(+2),300,1.11,214.2,1.14,81%,133.7,0.77,0.43,0.09,0.1,27%,32%,10/31,23,230,201,128,26,29
17,BuZz DRX,(+1),416,1.11,229.3,1.17,74%,143.7,0.81,0.26,0.14,0.14,21%,20%,7/35,24,335,286,109,60,60
18,Alfajer FNC,,380,1.11,197.2,1.22,78%,136.4,0.71,0.22,0.08,0.06,26%,15%,8/54,21,271,223,83,29,24
19,nukkye GIA,(+2),261,1.1,205.5,1.11,76%,141.6,0.72,0.28,0.09,0.07,21%,18%,6/33,30,189,171,73,23,19
20,sheydos KOI,,214,1.1,216.9,1.29,73%,145.8,0.82,0.21,0.06,0.07,29%,10%,3/31,36,176,136,46,13,14
21,nzr LEV,(+2),331,1.09,173.0,1.05,78%,114.1,0.6,0.38,0.05,0.05,20%,11%,5/45,21,199,190,127,18,15
22,Less LOUD,,566,1.09,217.0,1.18,74%,150.0,0.77,0.24,0.1,0.07,26%,15%,12/80,27,438,371,134,59,42
23,cauanzin LOUD,,566,1.08,213.8,1.09,75%,134.4,0.77,0.43,0.1,0.08,22%,25%,10/40,25,436,400,241,58,46
24,qRaxs FUT,(+1),228,1.08,205.9,1.04,77%,134.3,0.71,0.46,0.07,0.05,24%,32%,7/22,25,163,156,106,17,11
25,Ethan EG,(+1),246,1.08,221.2,1.06,76%,138.2,0.76,0.44,0.09,0.05,20%,8%,2/26,24,188,178,108,21,13
26,Boaster FNC,(+1),485,1.07,181.0,0.98,79%,110.5,0.62,0.44,0.08,0.12,21%,38%,9/24,20,303,309,211,41,56
27,SUYGETSU NAVI,(+1),318,1.07,202.3,1.16,76%,136.6,0.73,0.25,0.08,0.04,34%,13%,4/32,27,231,200,79,27,14
28,QutionerX BBL,(+2),251,1.06,252.4,1.13,67%,164.3,0.91,0.13,0.19,0.14,28%,13%,3/24,28,228,201,33,48,36
29,crashies NRG,(+2),300,1.06,208.0,1.09,74%,135.5,0.73,0.28,0.08,0.05,20%,23%,10/44,33,220,201,85,25,14
30,trexx KOI,,214,1.06,230.8,1.1,72%,159.8,0.8,0.3,0.12,0.13,20%,4%,1/23,33,172,156,64,26,28
31,Xeppaa C9,(+1),242,1.06,215.8,1.06,74%,137.1,0.78,0.35,0.1,0.07,23%,32%,6/19,24,188,177,85,23,16
32,Mazino LEV,(+1),331,1.06,206.2,1.06,73%,129.0,0.73,0.42,0.13,0.08,26%,11%,2/18,22,241,227,140,43,28
33,AtaKaptan FUT,(+1),228,1.05,189.3,1.09,75%,118.4,0.7,0.35,0.06,0.08,29%,23%,5/22,20,159,146,79,13,18
34,Nivera KC,(+1),274,1.05,220.5,1.16,74%,139.7,0.78,0.26,0.15,0.1,33%,14%,5/37,29,215,186,70,42,27
35,Rb DRX,(+5),452,1.05,190.5,1.08,74%,121.9,0.67,0.32,0.08,0.08,23%,35%,18/52,22,301,279,145,38,35
36,Tacolilla LEV,,331,1.05,209.1,1.03,68%,127.4,0.7,0.19,0.19,0.17,17%,22%,5/23,22,232,225,63,62,55
37,Asuna 100T,(+3),337,1.04,206.8,0.94,74%,137.5,0.69,0.44,0.09,0.1,22%,21%,6/28,26,234,250,149,32,33
38,zekken SEN,(+2),284,1.04,227.6,1.07,71%,153.1,0.77,0.29,0.12,0.12,25%,23%,7/31,29,218,203,82,33,35
39,stax DRX,(+2),452,1.04,197.5,1.03,73%,127.8,0.69,0.37,0.08,0.08,28%,22%,8/36,21,310,302,165,34,38
40,Victor NRG,(+3),300,1.03,212.3,0.97,77%,133.6,0.69,0.42,0.13,0.11,20%,25%,9/36,30,207,214,126,40,33
41,nAts TL,,250,1.03,213.6,1.15,74%,140.7,0.78,0.25,0.07,0.08,33%,3%,1/37,33,196,170,63,18,19
42,Khalil FUR,(+2),231,1.03,187.0,1.01,75%,117.7,0.65,0.26,0.04,0.05,26%,15%,5/33,25,151,149,60,10,12
43,Fit1nho GIA,,261,1.02,213.0,1.08,71%,143.1,0.76,0.26,0.19,0.13,28%,,0/18,35,198,183,67,49,33
44,Suggest DFM,(+2),223,1.02,220.8,1.01,73%,146.3,0.78,0.23,0.13,0.1,29%,4%,1/26,29,173,171,51,28,23
45,ardiis NRG,(+2),300,1.02,212.8,1.03,74%,145.5,0.73,0.24,0.17,0.11,20%,3%,1/32,29,218,211,72,50,34
46,Jamppi TL,(+1),250,1.02,208.9,1.04,70%,134.5,0.72,0.38,0.09,0.07,25%,43%,9/21,26,180,173,96,23,18
47,tuyz LOUD,(+1),566,1.02,169.0,0.95,76%,110.7,0.62,0.44,0.04,0.05,28%,17%,12/71,25,349,368,250,23,28
48,Boostio EG,,246,1.02,223.1,1.05,69%,148.4,0.76,0.18,0.11,0.11,23%,16%,4/25,23,187,178,44,28,28
49,bang 100T,(+1),337,1.02,205.6,1.0,70%,132.9,0.74,0.33,0.1,0.1,35%,18%,6/33,25,248,248,112,34,35
50,BORKUM TS,(+2),209,1.01,189.2,0.9,73%,117.4,0.63,0.42,0.07,0.1,19%,28%,8/29,20,131,145,88,15,21
51,dgzin FUR,,231,1.01,223.2,1.04,69%,139.7,0.78,0.15,0.23,0.15,24%,18%,4/22,27,180,173,35,52,35
52,Zellsis C9,(+1),242,1.0,190.0,0.97,71%,130.4,0.65,0.3,0.07,0.13,16%,19%,6/32,22,157,162,73,18,31
53,Bazzi GES,(+1),285,1.0,191.2,0.93,78%,121.2,0.63,0.46,0.05,0.04,17%,12%,5/42,25,180,193,132,14,10
54,MrFaliN FUT,(+3),228,1.0,195.9,0.89,69%,124.1,0.64,0.43,0.08,0.12,20%,26%,6/23,21,147,165,97,19,27
55,MOJJ FUT,,228,1.0,197.5,1.0,68%,133.8,0.68,0.24,0.09,0.1,25%,22%,6/27,22,155,155,54,20,22
56,xffero RRQ,(+3),227,1.0,202.6,1.03,74%,127.2,0.72,0.3,0.07,0.06,26%,5%,2/39,21,163,158,69,17,13
57,Melser KRÜ,(+1),282,0.99,192.6,0.92,73%,124.7,0.66,0.36,0.08,0.08,31%,11%,4/38,21,187,204,101,23,22
58,t3xture GES,(+1),265,0.99,208.4,1.06,71%,128.6,0.76,0.16,0.15,0.14,24%,19%,5/27,24,202,191,43,40,38
59,garnetS TLN,,212,0.99,215.5,1.01,69%,143.2,0.76,0.17,0.19,0.13,23%,15%,2/13,21,161,160,36,40,28
60,foxz TLN,(+2),251,0.98,197.3,0.95,69%,133.3,0.67,0.32,0.09,0.08,24%,8%,3/37,21,168,176,81,22,19
61,Derrek 100T,(+1),337,0.98,191.6,0.94,71%,132.3,0.66,0.33,0.06,0.06,30%,8%,5/60,23,223,238,112,21,20
62,takej DFM,,206,0.98,181.7,0.91,75%,116.3,0.64,0.42,0.09,0.09,31%,22%,8/36,16,132,145,87,18,18
63,stellar 100T,,337,0.98,190.7,1.0,71%,130.4,0.69,0.23,0.07,0.09,21%,10%,4/42,25,233,232,76,25,30
64,mwzera FUR,(+1),231,0.97,202.8,1.04,72%,138.1,0.74,0.28,0.08,0.12,22%,12%,3/25,34,171,164,64,19,27
65,Sushiboys TLN,,233,0.97,185.8,0.96,72%,126.6,0.67,0.18,0.08,0.1,22%,17%,6/36,21,156,162,42,18,23
66,Cryocells 100T,(+1),337,0.97,199.8,0.94,70%,128.6,0.69,0.28,0.14,0.18,18%,10%,3/30,23,233,249,95,47,60
67,hoody GIA,,261,0.96,199.8,0.95,67%,135.2,0.69,0.28,0.06,0.1,24%,9%,3/34,21,179,189,73,16,25
68,Zest DRX,(+1),312,0.96,173.1,0.98,73%,112.6,0.63,0.26,0.04,0.08,29%,21%,8/38,19,195,199,80,11,25
69,pANcada SEN,(+1),284,0.96,184.9,0.97,71%,126.6,0.64,0.23,0.04,0.08,24%,12%,6/51,22,181,187,65,11,22
70,EJAY RRQ,,203,0.96,217.1,1.01,72%,142.6,0.77,0.17,0.16,0.15,23%,7%,1/15,23,156,155,34,33,30
71,keznit KRÜ,,241,0.95,229.1,1.04,67%,155.6,0.8,0.2,0.17,0.22,25%,19%,4/21,27,192,184,47,41,52
72,DaveeyS KRÜ,(+3),282,0.95,177.6,0.84,71%,114.2,0.61,0.43,0.09,0.09,20%,24%,8/34,26,171,204,120,24,25
73,heat MIBR,,227,0.95,215.0,0.96,65%,145.0,0.73,0.14,0.16,0.21,29%,10%,2/21,22,166,173,31,36,47
74,sh1n KC,(+2),274,0.95,197.7,0.96,69%,125.3,0.68,0.27,0.11,0.08,27%,20%,4/20,25,187,194,75,29,23
75,NagZ KRÜ,(+1),282,0.94,186.5,0.9,70%,128.8,0.62,0.24,0.1,0.05,18%,14%,7/51,20,175,195,67,28,14
76,Sacy SEN,(+3),284,0.94,197.8,0.96,71%,130.3,0.68,0.35,0.08,0.08,32%,11%,4/37,23,194,203,100,22,24
77,RgLMeister MIBR,(+1),227,0.94,190.8,0.9,74%,128.3,0.65,0.44,0.05,0.04,23%,19%,6/32,24,148,165,99,12,9
78,jzz MIBR,(+1),227,0.93,183.8,0.89,70%,120.0,0.66,0.33,0.07,0.09,29%,7%,2/29,30,149,167,75,15,20
79,jawgemo EG,(+1),246,0.93,202.7,0.89,71%,132.4,0.69,0.29,0.13,0.15,20%,21%,4/19,21,169,190,71,31,38
80,DubsteP TS,(+1),209,0.93,184.7,0.99,71%,125.2,0.68,0.13,0.08,0.11,25%,17%,6/36,23,143,145,28,17,22
81,Crws TLN,(+3),251,0.92,193.2,0.83,70%,130.3,0.62,0.42,0.1,0.08,24%,15%,4/27,22,156,188,105,25,19
82,ANGE1 NAVI,(+2),318,0.92,184.6,0.88,71%,116.7,0.63,0.28,0.14,0.13,30%,12%,2/17,21,200,226,88,44,41
83,saadhak LOUD,(+2),566,0.92,189.0,0.82,72%,126.3,0.59,0.34,0.1,0.17,21%,20%,7/35,20,334,409,195,55,95
84,Anthem DFM,(+2),223,0.92,169.7,0.8,76%,116.7,0.57,0.42,0.04,0.09,25%,18%,5/28,21,127,159,94,10,21
85,ScreaM KC,(+1),274,0.91,206.7,0.95,68%,139.0,0.74,0.23,0.15,0.16,32%,8%,2/26,33,202,212,63,42,44
86,Redgar TL,,250,0.91,188.1,0.87,70%,122.0,0.64,0.44,0.1,0.14,33%,4%,1/25,20,159,183,109,25,35
87,JessieVash TS,,209,0.9,190.1,0.85,70%,124.3,0.64,0.31,0.08,0.07,30%,13%,3/23,20,133,156,64,17,15
88,Jremy TS,(+1),209,0.9,219.4,0.94,68%,140.4,0.74,0.22,0.17,0.17,18%,38%,5/13,22,155,165,47,36,35
89,AsLanM4shadoW BBL,,251,0.9,193.8,0.98,66%,133.1,0.72,0.14,0.08,0.11,27%,23%,7/31,22,180,183,34,20,27
90,Quick FUR,(+1),231,0.9,177.3,0.9,65%,120.2,0.63,0.2,0.08,0.1,27%,20%,5/25,19,145,162,47,19,22
91,frz MIBR,,227,0.89,186.3,0.91,72%,133.0,0.66,0.21,0.1,0.09,29%,6%,2/34,27,149,163,47,22,20
92,fl1pzjder RRQ,(+1),227,0.89,171.3,0.76,70%,108.5,0.56,0.52,0.08,0.11,25%,8%,2/26,19,127,167,117,19,24
93,Mazin FUR,(+2),231,0.89,176.5,0.85,71%,115.9,0.6,0.4,0.07,0.08,28%,19%,5/27,26,138,163,93,16,19
94,C0M EG,(+2),246,0.89,167.1,0.76,69%,114.0,0.57,0.46,0.05,0.1,19%,9%,3/35,18,139,182,113,12,25
95,Lmemore RRQ,(+1),227,0.89,200.8,0.91,68%,135.9,0.69,0.19,0.14,0.12,34%,,0/21,24,156,171,44,32,27
96,starxo KOI,(+2),214,0.88,169.6,0.85,72%,117.6,0.61,0.46,0.07,0.09,22%,13%,3/24,36,130,153,99,16,19
97,murizzz MIBR,,227,0.88,175.2,0.88,66%,121.4,0.63,0.35,0.08,0.12,27%,13%,3/23,24,144,164,79,18,28
98,xms KC,(+2),274,0.87,165.5,0.85,70%,118.9,0.58,0.27,0.06,0.05,28%,8%,3/36,30,158,186,75,16,14
99,AYRIN GES,,285,0.87,176.8,0.85,64%,114.5,0.59,0.19,0.07,0.08,22%,12%,5/41,16,168,198,55,19,22
100,Turko BBL,,251,0.87,150.9,0.79,72%,102.4,0.56,0.32,0.05,0.07,32%,14%,5/36,20,140,177,81,12,18
101,Klaus KRÜ,(+1),241,0.87,173.7,0.82,73%,106.2,0.61,0.44,0.05,0.09,18%,,0/21,22,147,179,105,13,21
102,JitBoyS TLN,(+2),230,0.87,182.2,0.85,70%,116.3,0.65,0.33,0.07,0.1,32%,7%,2/29,24,150,176,75,17,23
103,SouhcNi BBL,(+1),251,0.86,158.0,0.77,70%,108.7,0.53,0.29,0.06,0.1,29%,7%,3/42,17,133,172,72,16,25
104,Boo TH,(+1),222,0.85,170.6,0.75,64%,124.3,0.57,0.19,0.05,0.09,25%,8%,3/40,25,127,169,42,10,19
105,TenZ SEN,,220,0.85,179.6,0.91,64%,123.0,0.65,0.18,0.12,0.22,20%,23%,5/22,25,142,156,40,26,49
106,AvovA TH,(+1),222,0.84,169.4,0.8,68%,112.1,0.62,0.32,0.05,0.08,22%,11%,5/47,25,137,172,71,10,17
107,FNS NRG,(+2),300,0.84,174.6,0.77,71%,117.9,0.57,0.34,0.08,0.09,17%,18%,5/28,23,172,224,101,24,27
108,Brave BBL,(+1),251,0.84,185.3,0.81,70%,117.9,0.63,0.34,0.11,0.09,32%,13%,3/23,17,157,195,86,27,23
109,Newzera KC,(+2),230,0.81,128.3,0.76,67%,92.2,0.47,0.3,0.05,0.09,41%,19%,6/31,20,108,143,68,11,20
110,rhyme GIA,(+2),261,0.81,147.9,0.73,68%,101.5,0.53,0.29,0.05,0.11,33%,15%,4/26,22,139,190,75,13,30
111,zeek TH,(+5),222,0.79,182.3,0.76,61%,125.2,0.62,0.26,0.1,0.13,25%,24%,7/29,24,138,182,57,23,28
112,soulcas TL,(+2),250,0.78,139.9,0.65,68%,86.4,0.46,0.39,0.06,0.09,30%,12%,3/25,15,115,177,98,15,23
113,Mixwell TH,(+3),222,0.77,173.1,0.69,66%,112.5,0.57,0.41,0.06,0.09,22%,16%,3/19,20,126,183,90,14,19
114,Wolfen KOI,,214,0.76,187.1,0.83,66%,123.8,0.65,0.18,0.14,0.22,31%,13%,2/15,25,139,168,38,31,47
115,koldamenta KOI,(+1),214,0.76,129.6,0.56,67%,84.5,0.41,0.4,0.02,0.07,26%,11%,3/27,14,87,156,86,5,15
116,dephh SEN,(+3),284,0.75,149.5,0.68,68%,101.1,0.51,0.35,0.05,0.1,23%,9%,2/23,21,146,214,100,15,28
117,keloqz TH,,222,0.72,176.6,0.74,61%,117.6,0.62,0.13,0.16,0.21,30%,14%,3/22,23,137,184,28,36,46
